(kicad_pcb (version 20171130) (host pcbnew "(5.0.1-3-g963ef8bb5)")

  (general
    (thickness 1.6)
    (drawings 8)
    (tracks 0)
    (zones 0)
    (modules 64)
    (nets 60)
  )

  (page A4)
  (layers
    (0 F.Cu signal)
    (31 B.Cu signal)
    (32 B.Adhes user)
    (33 F.Adhes user)
    (34 B.Paste user)
    (35 F.Paste user)
    (36 B.SilkS user)
    (37 F.SilkS user)
    (38 B.Mask user)
    (39 F.Mask user)
    (40 Dwgs.User user)
    (41 Cmts.User user)
    (42 Eco1.User user)
    (43 Eco2.User user)
    (44 Edge.Cuts user)
    (45 Margin user)
    (46 B.CrtYd user)
    (47 F.CrtYd user)
    (48 B.Fab user)
    (49 F.Fab user)
  )

  (setup
    (last_trace_width 0.254)
    (trace_clearance 0.254)
    (zone_clearance 0.508)
    (zone_45_only no)
    (trace_min 0.1524)
    (segment_width 0.2)
    (edge_width 0.15)
    (via_size 0.762)
    (via_drill 0.381)
    (via_min_size 0.6858)
    (via_min_drill 0.3302)
    (uvia_size 0.762)
    (uvia_drill 0.381)
    (uvias_allowed no)
    (uvia_min_size 0.2)
    (uvia_min_drill 0.1)
    (pcb_text_width 0.3)
    (pcb_text_size 1.5 1.5)
    (mod_edge_width 0.15)
    (mod_text_size 1 1)
    (mod_text_width 0.15)
    (pad_size 1.7 1.7)
    (pad_drill 1)
    (pad_to_mask_clearance 0.0508)
    (solder_mask_min_width 0.25)
    (aux_axis_origin 0 0)
    (visible_elements FFFFFF7F)
    (pcbplotparams
      (layerselection 0x010fc_ffffffff)
      (usegerberextensions false)
      (usegerberattributes false)
      (usegerberadvancedattributes false)
      (creategerberjobfile false)
      (excludeedgelayer true)
      (linewidth 0.100000)
      (plotframeref false)
      (viasonmask false)
      (mode 1)
      (useauxorigin false)
      (hpglpennumber 1)
      (hpglpenspeed 20)
      (hpglpendiameter 15.000000)
      (psnegative false)
      (psa4output false)
      (plotreference true)
      (plotvalue true)
      (plotinvisibletext false)
      (padsonsilk false)
      (subtractmaskfromsilk false)
      (outputformat 1)
      (mirror false)
      (drillshape 1)
      (scaleselection 1)
      (outputdirectory ""))
  )

  (net 0 "")
  (net 1 GND)
  (net 2 +9V)
  (net 3 "Net-(C2-Pad1)")
  (net 4 "Net-(C3-Pad2)")
  (net 5 "Net-(C4-Pad1)")
  (net 6 "Net-(C4-Pad2)")
  (net 7 "Net-(C5-Pad1)")
  (net 8 "Net-(C6-Pad2)")
  (net 9 "Net-(C6-Pad1)")
  (net 10 "Net-(C20-Pad1)")
  (net 11 "Net-(C8-Pad2)")
  (net 12 "Net-(C8-Pad1)")
  (net 13 "Net-(C9-Pad1)")
  (net 14 "Net-(C9-Pad2)")
  (net 15 "Net-(C10-Pad2)")
  (net 16 "Net-(C10-Pad1)")
  (net 17 "Net-(C11-Pad2)")
  (net 18 "Net-(C11-Pad1)")
  (net 19 "Net-(C12-Pad1)")
  (net 20 "Net-(C13-Pad2)")
  (net 21 "Net-(C14-Pad1)")
  (net 22 "Net-(C15-Pad1)")
  (net 23 "Net-(C16-Pad1)")
  (net 24 "Net-(C16-Pad2)")
  (net 25 "Net-(C17-Pad1)")
  (net 26 "Net-(C17-Pad2)")
  (net 27 "Net-(C18-Pad2)")
  (net 28 "Net-(C18-Pad1)")
  (net 29 "Net-(C19-Pad1)")
  (net 30 "Net-(C19-Pad2)")
  (net 31 "Net-(D2-Pad2)")
  (net 32 "Net-(R1-Pad1)")
  (net 33 "Net-(R3-Pad1)")
  (net 34 "Net-(R9-Pad1)")
  (net 35 "Net-(R15-Pad1)")
  (net 36 "Net-(R10-Pad2)")
  (net 37 Vb)
  (net 38 "Net-(R11-Pad2)")
  (net 39 "Net-(U1-Pad5)")
  (net 40 "Net-(U1-Pad4)")
  (net 41 "Net-(U2-Pad4)")
  (net 42 "Net-(U2-Pad5)")
  (net 43 "Net-(U3-Pad5)")
  (net 44 "Net-(U5-Pad6)")
  (net 45 "Net-(C23-Pad1)")
  (net 46 +12V)
  (net 47 "Net-(J1-Pad3)")
  (net 48 "Net-(J2-Pad3)")
  (net 49 "Net-(J3-Pad1)")
  (net 50 5k)
  (net 51 "Net-(J11-Pad3)")
  (net 52 OUT)
  (net 53 U4C)
  (net 54 "Net-(J11-Pad1)")
  (net 55 vco)
  (net 56 In)
  (net 57 Tank)
  (net 58 "Net-(J11-Pad4)")
  (net 59 "Net-(J11-Pad2)")

  (net_class Default "This is the default net class."
    (clearance 0.254)
    (trace_width 0.254)
    (via_dia 0.762)
    (via_drill 0.381)
    (uvia_dia 0.762)
    (uvia_drill 0.381)
    (add_net +12V)
    (add_net +9V)
    (add_net 5k)
    (add_net GND)
    (add_net In)
    (add_net "Net-(C10-Pad1)")
    (add_net "Net-(C10-Pad2)")
    (add_net "Net-(C11-Pad1)")
    (add_net "Net-(C11-Pad2)")
    (add_net "Net-(C12-Pad1)")
    (add_net "Net-(C13-Pad2)")
    (add_net "Net-(C14-Pad1)")
    (add_net "Net-(C15-Pad1)")
    (add_net "Net-(C16-Pad1)")
    (add_net "Net-(C16-Pad2)")
    (add_net "Net-(C17-Pad1)")
    (add_net "Net-(C17-Pad2)")
    (add_net "Net-(C18-Pad1)")
    (add_net "Net-(C18-Pad2)")
    (add_net "Net-(C19-Pad1)")
    (add_net "Net-(C19-Pad2)")
    (add_net "Net-(C2-Pad1)")
    (add_net "Net-(C20-Pad1)")
    (add_net "Net-(C23-Pad1)")
    (add_net "Net-(C3-Pad2)")
    (add_net "Net-(C4-Pad1)")
    (add_net "Net-(C4-Pad2)")
    (add_net "Net-(C5-Pad1)")
    (add_net "Net-(C6-Pad1)")
    (add_net "Net-(C6-Pad2)")
    (add_net "Net-(C8-Pad1)")
    (add_net "Net-(C8-Pad2)")
    (add_net "Net-(C9-Pad1)")
    (add_net "Net-(C9-Pad2)")
    (add_net "Net-(D2-Pad2)")
    (add_net "Net-(J1-Pad3)")
    (add_net "Net-(J11-Pad1)")
    (add_net "Net-(J11-Pad2)")
    (add_net "Net-(J11-Pad3)")
    (add_net "Net-(J11-Pad4)")
    (add_net "Net-(J2-Pad3)")
    (add_net "Net-(J3-Pad1)")
    (add_net "Net-(R1-Pad1)")
    (add_net "Net-(R10-Pad2)")
    (add_net "Net-(R11-Pad2)")
    (add_net "Net-(R15-Pad1)")
    (add_net "Net-(R3-Pad1)")
    (add_net "Net-(R9-Pad1)")
    (add_net "Net-(U1-Pad4)")
    (add_net "Net-(U1-Pad5)")
    (add_net "Net-(U2-Pad4)")
    (add_net "Net-(U2-Pad5)")
    (add_net "Net-(U3-Pad5)")
    (add_net "Net-(U5-Pad6)")
    (add_net OUT)
    (add_net Tank)
    (add_net U4C)
    (add_net Vb)
    (add_net vco)
  )

  (module Capacitor_SMD:CP_Elec_6.3x7.7 (layer B.Cu) (tedit 5A841F9D) (tstamp 5BE3BBD8)
    (at 119.982 119.888 180)
    (descr "SMT capacitor, aluminium electrolytic, 6.3x7.7, Nichicon ")
    (tags "Capacitor Electrolytic")
    (path /5BCF3FD4)
    (attr smd)
    (fp_text reference C1 (at 0 4.35 180) (layer B.SilkS)
      (effects (font (size 1 1) (thickness 0.15)) (justify mirror))
    )
    (fp_text value 100u (at 0 -4.35 180) (layer B.Fab)
      (effects (font (size 1 1) (thickness 0.15)) (justify mirror))
    )
    (fp_text user %R (at 0 0 180) (layer B.Fab)
      (effects (font (size 1 1) (thickness 0.15)) (justify mirror))
    )
    (fp_line (start -4.7 -1.05) (end -3.55 -1.05) (layer B.CrtYd) (width 0.05))
    (fp_line (start -4.7 1.05) (end -4.7 -1.05) (layer B.CrtYd) (width 0.05))
    (fp_line (start -3.55 1.05) (end -4.7 1.05) (layer B.CrtYd) (width 0.05))
    (fp_line (start -3.55 -1.05) (end -3.55 -2.4) (layer B.CrtYd) (width 0.05))
    (fp_line (start -3.55 2.4) (end -3.55 1.05) (layer B.CrtYd) (width 0.05))
    (fp_line (start -3.55 2.4) (end -2.4 3.55) (layer B.CrtYd) (width 0.05))
    (fp_line (start -3.55 -2.4) (end -2.4 -3.55) (layer B.CrtYd) (width 0.05))
    (fp_line (start -2.4 3.55) (end 3.55 3.55) (layer B.CrtYd) (width 0.05))
    (fp_line (start -2.4 -3.55) (end 3.55 -3.55) (layer B.CrtYd) (width 0.05))
    (fp_line (start 3.55 -1.05) (end 3.55 -3.55) (layer B.CrtYd) (width 0.05))
    (fp_line (start 4.7 -1.05) (end 3.55 -1.05) (layer B.CrtYd) (width 0.05))
    (fp_line (start 4.7 1.05) (end 4.7 -1.05) (layer B.CrtYd) (width 0.05))
    (fp_line (start 3.55 1.05) (end 4.7 1.05) (layer B.CrtYd) (width 0.05))
    (fp_line (start 3.55 3.55) (end 3.55 1.05) (layer B.CrtYd) (width 0.05))
    (fp_line (start -4.04375 2.24125) (end -4.04375 1.45375) (layer B.SilkS) (width 0.12))
    (fp_line (start -4.4375 1.8475) (end -3.65 1.8475) (layer B.SilkS) (width 0.12))
    (fp_line (start -3.41 -2.345563) (end -2.345563 -3.41) (layer B.SilkS) (width 0.12))
    (fp_line (start -3.41 2.345563) (end -2.345563 3.41) (layer B.SilkS) (width 0.12))
    (fp_line (start -3.41 2.345563) (end -3.41 1.06) (layer B.SilkS) (width 0.12))
    (fp_line (start -3.41 -2.345563) (end -3.41 -1.06) (layer B.SilkS) (width 0.12))
    (fp_line (start -2.345563 -3.41) (end 3.41 -3.41) (layer B.SilkS) (width 0.12))
    (fp_line (start -2.345563 3.41) (end 3.41 3.41) (layer B.SilkS) (width 0.12))
    (fp_line (start 3.41 3.41) (end 3.41 1.06) (layer B.SilkS) (width 0.12))
    (fp_line (start 3.41 -3.41) (end 3.41 -1.06) (layer B.SilkS) (width 0.12))
    (fp_line (start -2.389838 1.645) (end -2.389838 1.015) (layer B.Fab) (width 0.1))
    (fp_line (start -2.704838 1.33) (end -2.074838 1.33) (layer B.Fab) (width 0.1))
    (fp_line (start -3.3 -2.3) (end -2.3 -3.3) (layer B.Fab) (width 0.1))
    (fp_line (start -3.3 2.3) (end -2.3 3.3) (layer B.Fab) (width 0.1))
    (fp_line (start -3.3 2.3) (end -3.3 -2.3) (layer B.Fab) (width 0.1))
    (fp_line (start -2.3 -3.3) (end 3.3 -3.3) (layer B.Fab) (width 0.1))
    (fp_line (start -2.3 3.3) (end 3.3 3.3) (layer B.Fab) (width 0.1))
    (fp_line (start 3.3 3.3) (end 3.3 -3.3) (layer B.Fab) (width 0.1))
    (fp_circle (center 0 0) (end 3.15 0) (layer B.Fab) (width 0.1))
    (pad 2 smd rect (at 2.7 0 180) (size 3.5 1.6) (layers B.Cu B.Paste B.Mask)
      (net 1 GND))
    (pad 1 smd rect (at -2.7 0 180) (size 3.5 1.6) (layers B.Cu B.Paste B.Mask)
      (net 2 +9V))
    (model ${KISYS3DMOD}/Capacitor_SMD.3dshapes/CP_Elec_6.3x7.7.wrl
      (at (xyz 0 0 0))
      (scale (xyz 1 1 1))
      (rotate (xyz 0 0 0))
    )
  )

  (module Capacitor_SMD:CP_Elec_6.3x7.7 (layer B.Cu) (tedit 5A841F9D) (tstamp 5BE3BC00)
    (at 210.6625 120.015)
    (descr "SMT capacitor, aluminium electrolytic, 6.3x7.7, Nichicon ")
    (tags "Capacitor Electrolytic")
    (path /5BCF6600)
    (attr smd)
    (fp_text reference C2 (at 0 4.35) (layer B.SilkS)
      (effects (font (size 1 1) (thickness 0.15)) (justify mirror))
    )
    (fp_text value 10u (at 0 -4.35) (layer B.Fab)
      (effects (font (size 1 1) (thickness 0.15)) (justify mirror))
    )
    (fp_circle (center 0 0) (end 3.15 0) (layer B.Fab) (width 0.1))
    (fp_line (start 3.3 3.3) (end 3.3 -3.3) (layer B.Fab) (width 0.1))
    (fp_line (start -2.3 3.3) (end 3.3 3.3) (layer B.Fab) (width 0.1))
    (fp_line (start -2.3 -3.3) (end 3.3 -3.3) (layer B.Fab) (width 0.1))
    (fp_line (start -3.3 2.3) (end -3.3 -2.3) (layer B.Fab) (width 0.1))
    (fp_line (start -3.3 2.3) (end -2.3 3.3) (layer B.Fab) (width 0.1))
    (fp_line (start -3.3 -2.3) (end -2.3 -3.3) (layer B.Fab) (width 0.1))
    (fp_line (start -2.704838 1.33) (end -2.074838 1.33) (layer B.Fab) (width 0.1))
    (fp_line (start -2.389838 1.645) (end -2.389838 1.015) (layer B.Fab) (width 0.1))
    (fp_line (start 3.41 -3.41) (end 3.41 -1.06) (layer B.SilkS) (width 0.12))
    (fp_line (start 3.41 3.41) (end 3.41 1.06) (layer B.SilkS) (width 0.12))
    (fp_line (start -2.345563 3.41) (end 3.41 3.41) (layer B.SilkS) (width 0.12))
    (fp_line (start -2.345563 -3.41) (end 3.41 -3.41) (layer B.SilkS) (width 0.12))
    (fp_line (start -3.41 -2.345563) (end -3.41 -1.06) (layer B.SilkS) (width 0.12))
    (fp_line (start -3.41 2.345563) (end -3.41 1.06) (layer B.SilkS) (width 0.12))
    (fp_line (start -3.41 2.345563) (end -2.345563 3.41) (layer B.SilkS) (width 0.12))
    (fp_line (start -3.41 -2.345563) (end -2.345563 -3.41) (layer B.SilkS) (width 0.12))
    (fp_line (start -4.4375 1.8475) (end -3.65 1.8475) (layer B.SilkS) (width 0.12))
    (fp_line (start -4.04375 2.24125) (end -4.04375 1.45375) (layer B.SilkS) (width 0.12))
    (fp_line (start 3.55 3.55) (end 3.55 1.05) (layer B.CrtYd) (width 0.05))
    (fp_line (start 3.55 1.05) (end 4.7 1.05) (layer B.CrtYd) (width 0.05))
    (fp_line (start 4.7 1.05) (end 4.7 -1.05) (layer B.CrtYd) (width 0.05))
    (fp_line (start 4.7 -1.05) (end 3.55 -1.05) (layer B.CrtYd) (width 0.05))
    (fp_line (start 3.55 -1.05) (end 3.55 -3.55) (layer B.CrtYd) (width 0.05))
    (fp_line (start -2.4 -3.55) (end 3.55 -3.55) (layer B.CrtYd) (width 0.05))
    (fp_line (start -2.4 3.55) (end 3.55 3.55) (layer B.CrtYd) (width 0.05))
    (fp_line (start -3.55 -2.4) (end -2.4 -3.55) (layer B.CrtYd) (width 0.05))
    (fp_line (start -3.55 2.4) (end -2.4 3.55) (layer B.CrtYd) (width 0.05))
    (fp_line (start -3.55 2.4) (end -3.55 1.05) (layer B.CrtYd) (width 0.05))
    (fp_line (start -3.55 -1.05) (end -3.55 -2.4) (layer B.CrtYd) (width 0.05))
    (fp_line (start -3.55 1.05) (end -4.7 1.05) (layer B.CrtYd) (width 0.05))
    (fp_line (start -4.7 1.05) (end -4.7 -1.05) (layer B.CrtYd) (width 0.05))
    (fp_line (start -4.7 -1.05) (end -3.55 -1.05) (layer B.CrtYd) (width 0.05))
    (fp_text user %R (at 0 0) (layer B.Fab)
      (effects (font (size 1 1) (thickness 0.15)) (justify mirror))
    )
    (pad 1 smd rect (at -2.7 0) (size 3.5 1.6) (layers B.Cu B.Paste B.Mask)
      (net 3 "Net-(C2-Pad1)"))
    (pad 2 smd rect (at 2.7 0) (size 3.5 1.6) (layers B.Cu B.Paste B.Mask)
      (net 1 GND))
    (model ${KISYS3DMOD}/Capacitor_SMD.3dshapes/CP_Elec_6.3x7.7.wrl
      (at (xyz 0 0 0))
      (scale (xyz 1 1 1))
      (rotate (xyz 0 0 0))
    )
  )

  (module Capacitor_SMD:CP_Elec_6.3x7.7 (layer B.Cu) (tedit 5A841F9D) (tstamp 5BE3BC28)
    (at 118.966 105.664 180)
    (descr "SMT capacitor, aluminium electrolytic, 6.3x7.7, Nichicon ")
    (tags "Capacitor Electrolytic")
    (path /5BCFB1C7)
    (attr smd)
    (fp_text reference C3 (at 0 4.35 180) (layer B.SilkS)
      (effects (font (size 1 1) (thickness 0.15)) (justify mirror))
    )
    (fp_text value 100u (at 0 -4.35 180) (layer B.Fab)
      (effects (font (size 1 1) (thickness 0.15)) (justify mirror))
    )
    (fp_circle (center 0 0) (end 3.15 0) (layer B.Fab) (width 0.1))
    (fp_line (start 3.3 3.3) (end 3.3 -3.3) (layer B.Fab) (width 0.1))
    (fp_line (start -2.3 3.3) (end 3.3 3.3) (layer B.Fab) (width 0.1))
    (fp_line (start -2.3 -3.3) (end 3.3 -3.3) (layer B.Fab) (width 0.1))
    (fp_line (start -3.3 2.3) (end -3.3 -2.3) (layer B.Fab) (width 0.1))
    (fp_line (start -3.3 2.3) (end -2.3 3.3) (layer B.Fab) (width 0.1))
    (fp_line (start -3.3 -2.3) (end -2.3 -3.3) (layer B.Fab) (width 0.1))
    (fp_line (start -2.704838 1.33) (end -2.074838 1.33) (layer B.Fab) (width 0.1))
    (fp_line (start -2.389838 1.645) (end -2.389838 1.015) (layer B.Fab) (width 0.1))
    (fp_line (start 3.41 -3.41) (end 3.41 -1.06) (layer B.SilkS) (width 0.12))
    (fp_line (start 3.41 3.41) (end 3.41 1.06) (layer B.SilkS) (width 0.12))
    (fp_line (start -2.345563 3.41) (end 3.41 3.41) (layer B.SilkS) (width 0.12))
    (fp_line (start -2.345563 -3.41) (end 3.41 -3.41) (layer B.SilkS) (width 0.12))
    (fp_line (start -3.41 -2.345563) (end -3.41 -1.06) (layer B.SilkS) (width 0.12))
    (fp_line (start -3.41 2.345563) (end -3.41 1.06) (layer B.SilkS) (width 0.12))
    (fp_line (start -3.41 2.345563) (end -2.345563 3.41) (layer B.SilkS) (width 0.12))
    (fp_line (start -3.41 -2.345563) (end -2.345563 -3.41) (layer B.SilkS) (width 0.12))
    (fp_line (start -4.4375 1.8475) (end -3.65 1.8475) (layer B.SilkS) (width 0.12))
    (fp_line (start -4.04375 2.24125) (end -4.04375 1.45375) (layer B.SilkS) (width 0.12))
    (fp_line (start 3.55 3.55) (end 3.55 1.05) (layer B.CrtYd) (width 0.05))
    (fp_line (start 3.55 1.05) (end 4.7 1.05) (layer B.CrtYd) (width 0.05))
    (fp_line (start 4.7 1.05) (end 4.7 -1.05) (layer B.CrtYd) (width 0.05))
    (fp_line (start 4.7 -1.05) (end 3.55 -1.05) (layer B.CrtYd) (width 0.05))
    (fp_line (start 3.55 -1.05) (end 3.55 -3.55) (layer B.CrtYd) (width 0.05))
    (fp_line (start -2.4 -3.55) (end 3.55 -3.55) (layer B.CrtYd) (width 0.05))
    (fp_line (start -2.4 3.55) (end 3.55 3.55) (layer B.CrtYd) (width 0.05))
    (fp_line (start -3.55 -2.4) (end -2.4 -3.55) (layer B.CrtYd) (width 0.05))
    (fp_line (start -3.55 2.4) (end -2.4 3.55) (layer B.CrtYd) (width 0.05))
    (fp_line (start -3.55 2.4) (end -3.55 1.05) (layer B.CrtYd) (width 0.05))
    (fp_line (start -3.55 -1.05) (end -3.55 -2.4) (layer B.CrtYd) (width 0.05))
    (fp_line (start -3.55 1.05) (end -4.7 1.05) (layer B.CrtYd) (width 0.05))
    (fp_line (start -4.7 1.05) (end -4.7 -1.05) (layer B.CrtYd) (width 0.05))
    (fp_line (start -4.7 -1.05) (end -3.55 -1.05) (layer B.CrtYd) (width 0.05))
    (fp_text user %R (at 0 0 180) (layer B.Fab)
      (effects (font (size 1 1) (thickness 0.15)) (justify mirror))
    )
    (pad 1 smd rect (at -2.7 0 180) (size 3.5 1.6) (layers B.Cu B.Paste B.Mask)
      (net 45 "Net-(C23-Pad1)"))
    (pad 2 smd rect (at 2.7 0 180) (size 3.5 1.6) (layers B.Cu B.Paste B.Mask)
      (net 4 "Net-(C3-Pad2)"))
    (model ${KISYS3DMOD}/Capacitor_SMD.3dshapes/CP_Elec_6.3x7.7.wrl
      (at (xyz 0 0 0))
      (scale (xyz 1 1 1))
      (rotate (xyz 0 0 0))
    )
  )

  (module Capacitor_SMD:C_0603_1608Metric_Pad1.05x0.95mm_HandSolder (layer B.Cu) (tedit 5B301BBE) (tstamp 5BE3BC39)
    (at 133.59 108.585 180)
    (descr "Capacitor SMD 0603 (1608 Metric), square (rectangular) end terminal, IPC_7351 nominal with elongated pad for handsoldering. (Body size source: http://www.tortai-tech.com/upload/download/2011102023233369053.pdf), generated with kicad-footprint-generator")
    (tags "capacitor handsolder")
    (path /5BD1B7A5)
    (attr smd)
    (fp_text reference C4 (at 0 1.43 180) (layer B.SilkS)
      (effects (font (size 1 1) (thickness 0.15)) (justify mirror))
    )
    (fp_text value 470n (at 0 -1.43 180) (layer B.Fab)
      (effects (font (size 1 1) (thickness 0.15)) (justify mirror))
    )
    (fp_line (start -0.8 -0.4) (end -0.8 0.4) (layer B.Fab) (width 0.1))
    (fp_line (start -0.8 0.4) (end 0.8 0.4) (layer B.Fab) (width 0.1))
    (fp_line (start 0.8 0.4) (end 0.8 -0.4) (layer B.Fab) (width 0.1))
    (fp_line (start 0.8 -0.4) (end -0.8 -0.4) (layer B.Fab) (width 0.1))
    (fp_line (start -0.171267 0.51) (end 0.171267 0.51) (layer B.SilkS) (width 0.12))
    (fp_line (start -0.171267 -0.51) (end 0.171267 -0.51) (layer B.SilkS) (width 0.12))
    (fp_line (start -1.65 -0.73) (end -1.65 0.73) (layer B.CrtYd) (width 0.05))
    (fp_line (start -1.65 0.73) (end 1.65 0.73) (layer B.CrtYd) (width 0.05))
    (fp_line (start 1.65 0.73) (end 1.65 -0.73) (layer B.CrtYd) (width 0.05))
    (fp_line (start 1.65 -0.73) (end -1.65 -0.73) (layer B.CrtYd) (width 0.05))
    (fp_text user %R (at 0 0 180) (layer B.Fab)
      (effects (font (size 0.4 0.4) (thickness 0.06)) (justify mirror))
    )
    (pad 1 smd roundrect (at -0.875 0 180) (size 1.05 0.95) (layers B.Cu B.Paste B.Mask) (roundrect_rratio 0.25)
      (net 5 "Net-(C4-Pad1)"))
    (pad 2 smd roundrect (at 0.875 0 180) (size 1.05 0.95) (layers B.Cu B.Paste B.Mask) (roundrect_rratio 0.25)
      (net 6 "Net-(C4-Pad2)"))
    (model ${KISYS3DMOD}/Capacitor_SMD.3dshapes/C_0603_1608Metric.wrl
      (at (xyz 0 0 0))
      (scale (xyz 1 1 1))
      (rotate (xyz 0 0 0))
    )
  )

  (module Capacitor_SMD:CP_Elec_6.3x7.7 (layer B.Cu) (tedit 5A841F9D) (tstamp 5BE3BC61)
    (at 210.726 112.5855)
    (descr "SMT capacitor, aluminium electrolytic, 6.3x7.7, Nichicon ")
    (tags "Capacitor Electrolytic")
    (path /5BCF529B)
    (attr smd)
    (fp_text reference C5 (at 0 4.35) (layer B.SilkS)
      (effects (font (size 1 1) (thickness 0.15)) (justify mirror))
    )
    (fp_text value 10u (at 0 -4.35) (layer B.Fab)
      (effects (font (size 1 1) (thickness 0.15)) (justify mirror))
    )
    (fp_circle (center 0 0) (end 3.15 0) (layer B.Fab) (width 0.1))
    (fp_line (start 3.3 3.3) (end 3.3 -3.3) (layer B.Fab) (width 0.1))
    (fp_line (start -2.3 3.3) (end 3.3 3.3) (layer B.Fab) (width 0.1))
    (fp_line (start -2.3 -3.3) (end 3.3 -3.3) (layer B.Fab) (width 0.1))
    (fp_line (start -3.3 2.3) (end -3.3 -2.3) (layer B.Fab) (width 0.1))
    (fp_line (start -3.3 2.3) (end -2.3 3.3) (layer B.Fab) (width 0.1))
    (fp_line (start -3.3 -2.3) (end -2.3 -3.3) (layer B.Fab) (width 0.1))
    (fp_line (start -2.704838 1.33) (end -2.074838 1.33) (layer B.Fab) (width 0.1))
    (fp_line (start -2.389838 1.645) (end -2.389838 1.015) (layer B.Fab) (width 0.1))
    (fp_line (start 3.41 -3.41) (end 3.41 -1.06) (layer B.SilkS) (width 0.12))
    (fp_line (start 3.41 3.41) (end 3.41 1.06) (layer B.SilkS) (width 0.12))
    (fp_line (start -2.345563 3.41) (end 3.41 3.41) (layer B.SilkS) (width 0.12))
    (fp_line (start -2.345563 -3.41) (end 3.41 -3.41) (layer B.SilkS) (width 0.12))
    (fp_line (start -3.41 -2.345563) (end -3.41 -1.06) (layer B.SilkS) (width 0.12))
    (fp_line (start -3.41 2.345563) (end -3.41 1.06) (layer B.SilkS) (width 0.12))
    (fp_line (start -3.41 2.345563) (end -2.345563 3.41) (layer B.SilkS) (width 0.12))
    (fp_line (start -3.41 -2.345563) (end -2.345563 -3.41) (layer B.SilkS) (width 0.12))
    (fp_line (start -4.4375 1.8475) (end -3.65 1.8475) (layer B.SilkS) (width 0.12))
    (fp_line (start -4.04375 2.24125) (end -4.04375 1.45375) (layer B.SilkS) (width 0.12))
    (fp_line (start 3.55 3.55) (end 3.55 1.05) (layer B.CrtYd) (width 0.05))
    (fp_line (start 3.55 1.05) (end 4.7 1.05) (layer B.CrtYd) (width 0.05))
    (fp_line (start 4.7 1.05) (end 4.7 -1.05) (layer B.CrtYd) (width 0.05))
    (fp_line (start 4.7 -1.05) (end 3.55 -1.05) (layer B.CrtYd) (width 0.05))
    (fp_line (start 3.55 -1.05) (end 3.55 -3.55) (layer B.CrtYd) (width 0.05))
    (fp_line (start -2.4 -3.55) (end 3.55 -3.55) (layer B.CrtYd) (width 0.05))
    (fp_line (start -2.4 3.55) (end 3.55 3.55) (layer B.CrtYd) (width 0.05))
    (fp_line (start -3.55 -2.4) (end -2.4 -3.55) (layer B.CrtYd) (width 0.05))
    (fp_line (start -3.55 2.4) (end -2.4 3.55) (layer B.CrtYd) (width 0.05))
    (fp_line (start -3.55 2.4) (end -3.55 1.05) (layer B.CrtYd) (width 0.05))
    (fp_line (start -3.55 -1.05) (end -3.55 -2.4) (layer B.CrtYd) (width 0.05))
    (fp_line (start -3.55 1.05) (end -4.7 1.05) (layer B.CrtYd) (width 0.05))
    (fp_line (start -4.7 1.05) (end -4.7 -1.05) (layer B.CrtYd) (width 0.05))
    (fp_line (start -4.7 -1.05) (end -3.55 -1.05) (layer B.CrtYd) (width 0.05))
    (fp_text user %R (at 0 0) (layer B.Fab)
      (effects (font (size 1 1) (thickness 0.15)) (justify mirror))
    )
    (pad 1 smd rect (at -2.7 0) (size 3.5 1.6) (layers B.Cu B.Paste B.Mask)
      (net 7 "Net-(C5-Pad1)"))
    (pad 2 smd rect (at 2.7 0) (size 3.5 1.6) (layers B.Cu B.Paste B.Mask)
      (net 1 GND))
    (model ${KISYS3DMOD}/Capacitor_SMD.3dshapes/CP_Elec_6.3x7.7.wrl
      (at (xyz 0 0 0))
      (scale (xyz 1 1 1))
      (rotate (xyz 0 0 0))
    )
  )

  (module Capacitor_SMD:CP_Elec_6.3x7.7 (layer B.Cu) (tedit 5A841F9D) (tstamp 5BE3BC89)
    (at 125.89 112.268)
    (descr "SMT capacitor, aluminium electrolytic, 6.3x7.7, Nichicon ")
    (tags "Capacitor Electrolytic")
    (path /5BD3AD2D)
    (attr smd)
    (fp_text reference C6 (at 0 4.35) (layer B.SilkS)
      (effects (font (size 1 1) (thickness 0.15)) (justify mirror))
    )
    (fp_text value 2u2 (at 0 -4.35) (layer B.Fab)
      (effects (font (size 1 1) (thickness 0.15)) (justify mirror))
    )
    (fp_text user %R (at 0 0) (layer B.Fab)
      (effects (font (size 1 1) (thickness 0.15)) (justify mirror))
    )
    (fp_line (start -4.7 -1.05) (end -3.55 -1.05) (layer B.CrtYd) (width 0.05))
    (fp_line (start -4.7 1.05) (end -4.7 -1.05) (layer B.CrtYd) (width 0.05))
    (fp_line (start -3.55 1.05) (end -4.7 1.05) (layer B.CrtYd) (width 0.05))
    (fp_line (start -3.55 -1.05) (end -3.55 -2.4) (layer B.CrtYd) (width 0.05))
    (fp_line (start -3.55 2.4) (end -3.55 1.05) (layer B.CrtYd) (width 0.05))
    (fp_line (start -3.55 2.4) (end -2.4 3.55) (layer B.CrtYd) (width 0.05))
    (fp_line (start -3.55 -2.4) (end -2.4 -3.55) (layer B.CrtYd) (width 0.05))
    (fp_line (start -2.4 3.55) (end 3.55 3.55) (layer B.CrtYd) (width 0.05))
    (fp_line (start -2.4 -3.55) (end 3.55 -3.55) (layer B.CrtYd) (width 0.05))
    (fp_line (start 3.55 -1.05) (end 3.55 -3.55) (layer B.CrtYd) (width 0.05))
    (fp_line (start 4.7 -1.05) (end 3.55 -1.05) (layer B.CrtYd) (width 0.05))
    (fp_line (start 4.7 1.05) (end 4.7 -1.05) (layer B.CrtYd) (width 0.05))
    (fp_line (start 3.55 1.05) (end 4.7 1.05) (layer B.CrtYd) (width 0.05))
    (fp_line (start 3.55 3.55) (end 3.55 1.05) (layer B.CrtYd) (width 0.05))
    (fp_line (start -4.04375 2.24125) (end -4.04375 1.45375) (layer B.SilkS) (width 0.12))
    (fp_line (start -4.4375 1.8475) (end -3.65 1.8475) (layer B.SilkS) (width 0.12))
    (fp_line (start -3.41 -2.345563) (end -2.345563 -3.41) (layer B.SilkS) (width 0.12))
    (fp_line (start -3.41 2.345563) (end -2.345563 3.41) (layer B.SilkS) (width 0.12))
    (fp_line (start -3.41 2.345563) (end -3.41 1.06) (layer B.SilkS) (width 0.12))
    (fp_line (start -3.41 -2.345563) (end -3.41 -1.06) (layer B.SilkS) (width 0.12))
    (fp_line (start -2.345563 -3.41) (end 3.41 -3.41) (layer B.SilkS) (width 0.12))
    (fp_line (start -2.345563 3.41) (end 3.41 3.41) (layer B.SilkS) (width 0.12))
    (fp_line (start 3.41 3.41) (end 3.41 1.06) (layer B.SilkS) (width 0.12))
    (fp_line (start 3.41 -3.41) (end 3.41 -1.06) (layer B.SilkS) (width 0.12))
    (fp_line (start -2.389838 1.645) (end -2.389838 1.015) (layer B.Fab) (width 0.1))
    (fp_line (start -2.704838 1.33) (end -2.074838 1.33) (layer B.Fab) (width 0.1))
    (fp_line (start -3.3 -2.3) (end -2.3 -3.3) (layer B.Fab) (width 0.1))
    (fp_line (start -3.3 2.3) (end -2.3 3.3) (layer B.Fab) (width 0.1))
    (fp_line (start -3.3 2.3) (end -3.3 -2.3) (layer B.Fab) (width 0.1))
    (fp_line (start -2.3 -3.3) (end 3.3 -3.3) (layer B.Fab) (width 0.1))
    (fp_line (start -2.3 3.3) (end 3.3 3.3) (layer B.Fab) (width 0.1))
    (fp_line (start 3.3 3.3) (end 3.3 -3.3) (layer B.Fab) (width 0.1))
    (fp_circle (center 0 0) (end 3.15 0) (layer B.Fab) (width 0.1))
    (pad 2 smd rect (at 2.7 0) (size 3.5 1.6) (layers B.Cu B.Paste B.Mask)
      (net 8 "Net-(C6-Pad2)"))
    (pad 1 smd rect (at -2.7 0) (size 3.5 1.6) (layers B.Cu B.Paste B.Mask)
      (net 9 "Net-(C6-Pad1)"))
    (model ${KISYS3DMOD}/Capacitor_SMD.3dshapes/CP_Elec_6.3x7.7.wrl
      (at (xyz 0 0 0))
      (scale (xyz 1 1 1))
      (rotate (xyz 0 0 0))
    )
  )

  (module Capacitor_SMD:C_0603_1608Metric_Pad1.05x0.95mm_HandSolder (layer B.Cu) (tedit 5B301BBE) (tstamp 5BE3BC9A)
    (at 169.545 113.143 270)
    (descr "Capacitor SMD 0603 (1608 Metric), square (rectangular) end terminal, IPC_7351 nominal with elongated pad for handsoldering. (Body size source: http://www.tortai-tech.com/upload/download/2011102023233369053.pdf), generated with kicad-footprint-generator")
    (tags "capacitor handsolder")
    (path /5BCF3AA9)
    (attr smd)
    (fp_text reference C7 (at 0 1.43 270) (layer B.SilkS)
      (effects (font (size 1 1) (thickness 0.15)) (justify mirror))
    )
    (fp_text value 100n (at 0 -1.43 270) (layer B.Fab)
      (effects (font (size 1 1) (thickness 0.15)) (justify mirror))
    )
    (fp_text user %R (at 0 0 270) (layer B.Fab)
      (effects (font (size 0.4 0.4) (thickness 0.06)) (justify mirror))
    )
    (fp_line (start 1.65 -0.73) (end -1.65 -0.73) (layer B.CrtYd) (width 0.05))
    (fp_line (start 1.65 0.73) (end 1.65 -0.73) (layer B.CrtYd) (width 0.05))
    (fp_line (start -1.65 0.73) (end 1.65 0.73) (layer B.CrtYd) (width 0.05))
    (fp_line (start -1.65 -0.73) (end -1.65 0.73) (layer B.CrtYd) (width 0.05))
    (fp_line (start -0.171267 -0.51) (end 0.171267 -0.51) (layer B.SilkS) (width 0.12))
    (fp_line (start -0.171267 0.51) (end 0.171267 0.51) (layer B.SilkS) (width 0.12))
    (fp_line (start 0.8 -0.4) (end -0.8 -0.4) (layer B.Fab) (width 0.1))
    (fp_line (start 0.8 0.4) (end 0.8 -0.4) (layer B.Fab) (width 0.1))
    (fp_line (start -0.8 0.4) (end 0.8 0.4) (layer B.Fab) (width 0.1))
    (fp_line (start -0.8 -0.4) (end -0.8 0.4) (layer B.Fab) (width 0.1))
    (pad 2 smd roundrect (at 0.875 0 270) (size 1.05 0.95) (layers B.Cu B.Paste B.Mask) (roundrect_rratio 0.25)
      (net 1 GND))
    (pad 1 smd roundrect (at -0.875 0 270) (size 1.05 0.95) (layers B.Cu B.Paste B.Mask) (roundrect_rratio 0.25)
      (net 10 "Net-(C20-Pad1)"))
    (model ${KISYS3DMOD}/Capacitor_SMD.3dshapes/C_0603_1608Metric.wrl
      (at (xyz 0 0 0))
      (scale (xyz 1 1 1))
      (rotate (xyz 0 0 0))
    )
  )

  (module Capacitor_SMD:C_0603_1608Metric_Pad1.05x0.95mm_HandSolder (layer B.Cu) (tedit 5B301BBE) (tstamp 5BE3BCAB)
    (at 190.1825 103.251 180)
    (descr "Capacitor SMD 0603 (1608 Metric), square (rectangular) end terminal, IPC_7351 nominal with elongated pad for handsoldering. (Body size source: http://www.tortai-tech.com/upload/download/2011102023233369053.pdf), generated with kicad-footprint-generator")
    (tags "capacitor handsolder")
    (path /5BCFF7DF)
    (attr smd)
    (fp_text reference C8 (at 0 1.43 180) (layer B.SilkS)
      (effects (font (size 1 1) (thickness 0.15)) (justify mirror))
    )
    (fp_text value 1n (at 0 -1.43 180) (layer B.Fab)
      (effects (font (size 1 1) (thickness 0.15)) (justify mirror))
    )
    (fp_text user %R (at 0 0 180) (layer B.Fab)
      (effects (font (size 0.4 0.4) (thickness 0.06)) (justify mirror))
    )
    (fp_line (start 1.65 -0.73) (end -1.65 -0.73) (layer B.CrtYd) (width 0.05))
    (fp_line (start 1.65 0.73) (end 1.65 -0.73) (layer B.CrtYd) (width 0.05))
    (fp_line (start -1.65 0.73) (end 1.65 0.73) (layer B.CrtYd) (width 0.05))
    (fp_line (start -1.65 -0.73) (end -1.65 0.73) (layer B.CrtYd) (width 0.05))
    (fp_line (start -0.171267 -0.51) (end 0.171267 -0.51) (layer B.SilkS) (width 0.12))
    (fp_line (start -0.171267 0.51) (end 0.171267 0.51) (layer B.SilkS) (width 0.12))
    (fp_line (start 0.8 -0.4) (end -0.8 -0.4) (layer B.Fab) (width 0.1))
    (fp_line (start 0.8 0.4) (end 0.8 -0.4) (layer B.Fab) (width 0.1))
    (fp_line (start -0.8 0.4) (end 0.8 0.4) (layer B.Fab) (width 0.1))
    (fp_line (start -0.8 -0.4) (end -0.8 0.4) (layer B.Fab) (width 0.1))
    (pad 2 smd roundrect (at 0.875 0 180) (size 1.05 0.95) (layers B.Cu B.Paste B.Mask) (roundrect_rratio 0.25)
      (net 11 "Net-(C8-Pad2)"))
    (pad 1 smd roundrect (at -0.875 0 180) (size 1.05 0.95) (layers B.Cu B.Paste B.Mask) (roundrect_rratio 0.25)
      (net 12 "Net-(C8-Pad1)"))
    (model ${KISYS3DMOD}/Capacitor_SMD.3dshapes/C_0603_1608Metric.wrl
      (at (xyz 0 0 0))
      (scale (xyz 1 1 1))
      (rotate (xyz 0 0 0))
    )
  )

  (module Capacitor_SMD:C_0603_1608Metric_Pad1.05x0.95mm_HandSolder (layer B.Cu) (tedit 5B301BBE) (tstamp 5BE3BCBC)
    (at 203.327 128.919 90)
    (descr "Capacitor SMD 0603 (1608 Metric), square (rectangular) end terminal, IPC_7351 nominal with elongated pad for handsoldering. (Body size source: http://www.tortai-tech.com/upload/download/2011102023233369053.pdf), generated with kicad-footprint-generator")
    (tags "capacitor handsolder")
    (path /5BD28A6D)
    (attr smd)
    (fp_text reference C9 (at 0 1.43 90) (layer B.SilkS)
      (effects (font (size 1 1) (thickness 0.15)) (justify mirror))
    )
    (fp_text value 470n (at 0 -1.43 90) (layer B.Fab)
      (effects (font (size 1 1) (thickness 0.15)) (justify mirror))
    )
    (fp_line (start -0.8 -0.4) (end -0.8 0.4) (layer B.Fab) (width 0.1))
    (fp_line (start -0.8 0.4) (end 0.8 0.4) (layer B.Fab) (width 0.1))
    (fp_line (start 0.8 0.4) (end 0.8 -0.4) (layer B.Fab) (width 0.1))
    (fp_line (start 0.8 -0.4) (end -0.8 -0.4) (layer B.Fab) (width 0.1))
    (fp_line (start -0.171267 0.51) (end 0.171267 0.51) (layer B.SilkS) (width 0.12))
    (fp_line (start -0.171267 -0.51) (end 0.171267 -0.51) (layer B.SilkS) (width 0.12))
    (fp_line (start -1.65 -0.73) (end -1.65 0.73) (layer B.CrtYd) (width 0.05))
    (fp_line (start -1.65 0.73) (end 1.65 0.73) (layer B.CrtYd) (width 0.05))
    (fp_line (start 1.65 0.73) (end 1.65 -0.73) (layer B.CrtYd) (width 0.05))
    (fp_line (start 1.65 -0.73) (end -1.65 -0.73) (layer B.CrtYd) (width 0.05))
    (fp_text user %R (at 0 0 90) (layer B.Fab)
      (effects (font (size 0.4 0.4) (thickness 0.06)) (justify mirror))
    )
    (pad 1 smd roundrect (at -0.875 0 90) (size 1.05 0.95) (layers B.Cu B.Paste B.Mask) (roundrect_rratio 0.25)
      (net 13 "Net-(C9-Pad1)"))
    (pad 2 smd roundrect (at 0.875 0 90) (size 1.05 0.95) (layers B.Cu B.Paste B.Mask) (roundrect_rratio 0.25)
      (net 14 "Net-(C9-Pad2)"))
    (model ${KISYS3DMOD}/Capacitor_SMD.3dshapes/C_0603_1608Metric.wrl
      (at (xyz 0 0 0))
      (scale (xyz 1 1 1))
      (rotate (xyz 0 0 0))
    )
  )

  (module Capacitor_SMD:C_0603_1608Metric_Pad1.05x0.95mm_HandSolder (layer B.Cu) (tedit 5B301BBE) (tstamp 5BE3BCCD)
    (at 165.7845 116.459)
    (descr "Capacitor SMD 0603 (1608 Metric), square (rectangular) end terminal, IPC_7351 nominal with elongated pad for handsoldering. (Body size source: http://www.tortai-tech.com/upload/download/2011102023233369053.pdf), generated with kicad-footprint-generator")
    (tags "capacitor handsolder")
    (path /5BD3DC68)
    (attr smd)
    (fp_text reference C10 (at 0 1.43) (layer B.SilkS)
      (effects (font (size 1 1) (thickness 0.15)) (justify mirror))
    )
    (fp_text value 470n (at 0 -1.43) (layer B.Fab)
      (effects (font (size 1 1) (thickness 0.15)) (justify mirror))
    )
    (fp_text user %R (at 0 0) (layer B.Fab)
      (effects (font (size 0.4 0.4) (thickness 0.06)) (justify mirror))
    )
    (fp_line (start 1.65 -0.73) (end -1.65 -0.73) (layer B.CrtYd) (width 0.05))
    (fp_line (start 1.65 0.73) (end 1.65 -0.73) (layer B.CrtYd) (width 0.05))
    (fp_line (start -1.65 0.73) (end 1.65 0.73) (layer B.CrtYd) (width 0.05))
    (fp_line (start -1.65 -0.73) (end -1.65 0.73) (layer B.CrtYd) (width 0.05))
    (fp_line (start -0.171267 -0.51) (end 0.171267 -0.51) (layer B.SilkS) (width 0.12))
    (fp_line (start -0.171267 0.51) (end 0.171267 0.51) (layer B.SilkS) (width 0.12))
    (fp_line (start 0.8 -0.4) (end -0.8 -0.4) (layer B.Fab) (width 0.1))
    (fp_line (start 0.8 0.4) (end 0.8 -0.4) (layer B.Fab) (width 0.1))
    (fp_line (start -0.8 0.4) (end 0.8 0.4) (layer B.Fab) (width 0.1))
    (fp_line (start -0.8 -0.4) (end -0.8 0.4) (layer B.Fab) (width 0.1))
    (pad 2 smd roundrect (at 0.875 0) (size 1.05 0.95) (layers B.Cu B.Paste B.Mask) (roundrect_rratio 0.25)
      (net 15 "Net-(C10-Pad2)"))
    (pad 1 smd roundrect (at -0.875 0) (size 1.05 0.95) (layers B.Cu B.Paste B.Mask) (roundrect_rratio 0.25)
      (net 16 "Net-(C10-Pad1)"))
    (model ${KISYS3DMOD}/Capacitor_SMD.3dshapes/C_0603_1608Metric.wrl
      (at (xyz 0 0 0))
      (scale (xyz 1 1 1))
      (rotate (xyz 0 0 0))
    )
  )

  (module Capacitor_SMD:C_0603_1608Metric_Pad1.05x0.95mm_HandSolder (layer B.Cu) (tedit 5B301BBE) (tstamp 5BE3BCDE)
    (at 176.8475 120.509 90)
    (descr "Capacitor SMD 0603 (1608 Metric), square (rectangular) end terminal, IPC_7351 nominal with elongated pad for handsoldering. (Body size source: http://www.tortai-tech.com/upload/download/2011102023233369053.pdf), generated with kicad-footprint-generator")
    (tags "capacitor handsolder")
    (path /5BCFF842)
    (attr smd)
    (fp_text reference C11 (at 0 1.43 90) (layer B.SilkS)
      (effects (font (size 1 1) (thickness 0.15)) (justify mirror))
    )
    (fp_text value 100n (at 0 -1.43 90) (layer B.Fab)
      (effects (font (size 1 1) (thickness 0.15)) (justify mirror))
    )
    (fp_text user %R (at 0 0 90) (layer B.Fab)
      (effects (font (size 0.4 0.4) (thickness 0.06)) (justify mirror))
    )
    (fp_line (start 1.65 -0.73) (end -1.65 -0.73) (layer B.CrtYd) (width 0.05))
    (fp_line (start 1.65 0.73) (end 1.65 -0.73) (layer B.CrtYd) (width 0.05))
    (fp_line (start -1.65 0.73) (end 1.65 0.73) (layer B.CrtYd) (width 0.05))
    (fp_line (start -1.65 -0.73) (end -1.65 0.73) (layer B.CrtYd) (width 0.05))
    (fp_line (start -0.171267 -0.51) (end 0.171267 -0.51) (layer B.SilkS) (width 0.12))
    (fp_line (start -0.171267 0.51) (end 0.171267 0.51) (layer B.SilkS) (width 0.12))
    (fp_line (start 0.8 -0.4) (end -0.8 -0.4) (layer B.Fab) (width 0.1))
    (fp_line (start 0.8 0.4) (end 0.8 -0.4) (layer B.Fab) (width 0.1))
    (fp_line (start -0.8 0.4) (end 0.8 0.4) (layer B.Fab) (width 0.1))
    (fp_line (start -0.8 -0.4) (end -0.8 0.4) (layer B.Fab) (width 0.1))
    (pad 2 smd roundrect (at 0.875 0 90) (size 1.05 0.95) (layers B.Cu B.Paste B.Mask) (roundrect_rratio 0.25)
      (net 17 "Net-(C11-Pad2)"))
    (pad 1 smd roundrect (at -0.875 0 90) (size 1.05 0.95) (layers B.Cu B.Paste B.Mask) (roundrect_rratio 0.25)
      (net 18 "Net-(C11-Pad1)"))
    (model ${KISYS3DMOD}/Capacitor_SMD.3dshapes/C_0603_1608Metric.wrl
      (at (xyz 0 0 0))
      (scale (xyz 1 1 1))
      (rotate (xyz 0 0 0))
    )
  )

  (module Capacitor_SMD:C_0603_1608Metric_Pad1.05x0.95mm_HandSolder (layer B.Cu) (tedit 5B301BBE) (tstamp 5BE3BCEF)
    (at 178.943 112.381 90)
    (descr "Capacitor SMD 0603 (1608 Metric), square (rectangular) end terminal, IPC_7351 nominal with elongated pad for handsoldering. (Body size source: http://www.tortai-tech.com/upload/download/2011102023233369053.pdf), generated with kicad-footprint-generator")
    (tags "capacitor handsolder")
    (path /5BCFFE54)
    (attr smd)
    (fp_text reference C12 (at 0 1.43 90) (layer B.SilkS)
      (effects (font (size 1 1) (thickness 0.15)) (justify mirror))
    )
    (fp_text value 2n2 (at 0 -1.43 90) (layer B.Fab)
      (effects (font (size 1 1) (thickness 0.15)) (justify mirror))
    )
    (fp_text user %R (at 0 0 90) (layer B.Fab)
      (effects (font (size 0.4 0.4) (thickness 0.06)) (justify mirror))
    )
    (fp_line (start 1.65 -0.73) (end -1.65 -0.73) (layer B.CrtYd) (width 0.05))
    (fp_line (start 1.65 0.73) (end 1.65 -0.73) (layer B.CrtYd) (width 0.05))
    (fp_line (start -1.65 0.73) (end 1.65 0.73) (layer B.CrtYd) (width 0.05))
    (fp_line (start -1.65 -0.73) (end -1.65 0.73) (layer B.CrtYd) (width 0.05))
    (fp_line (start -0.171267 -0.51) (end 0.171267 -0.51) (layer B.SilkS) (width 0.12))
    (fp_line (start -0.171267 0.51) (end 0.171267 0.51) (layer B.SilkS) (width 0.12))
    (fp_line (start 0.8 -0.4) (end -0.8 -0.4) (layer B.Fab) (width 0.1))
    (fp_line (start 0.8 0.4) (end 0.8 -0.4) (layer B.Fab) (width 0.1))
    (fp_line (start -0.8 0.4) (end 0.8 0.4) (layer B.Fab) (width 0.1))
    (fp_line (start -0.8 -0.4) (end -0.8 0.4) (layer B.Fab) (width 0.1))
    (pad 2 smd roundrect (at 0.875 0 90) (size 1.05 0.95) (layers B.Cu B.Paste B.Mask) (roundrect_rratio 0.25)
      (net 16 "Net-(C10-Pad1)"))
    (pad 1 smd roundrect (at -0.875 0 90) (size 1.05 0.95) (layers B.Cu B.Paste B.Mask) (roundrect_rratio 0.25)
      (net 19 "Net-(C12-Pad1)"))
    (model ${KISYS3DMOD}/Capacitor_SMD.3dshapes/C_0603_1608Metric.wrl
      (at (xyz 0 0 0))
      (scale (xyz 1 1 1))
      (rotate (xyz 0 0 0))
    )
  )

  (module Capacitor_SMD:C_0603_1608Metric_Pad1.05x0.95mm_HandSolder (layer B.Cu) (tedit 5B301BBE) (tstamp 5BE3BD00)
    (at 181.116 130.048)
    (descr "Capacitor SMD 0603 (1608 Metric), square (rectangular) end terminal, IPC_7351 nominal with elongated pad for handsoldering. (Body size source: http://www.tortai-tech.com/upload/download/2011102023233369053.pdf), generated with kicad-footprint-generator")
    (tags "capacitor handsolder")
    (path /5BD075C1)
    (attr smd)
    (fp_text reference C13 (at 0 1.43) (layer B.SilkS)
      (effects (font (size 1 1) (thickness 0.15)) (justify mirror))
    )
    (fp_text value 10n (at 0 -1.43) (layer B.Fab)
      (effects (font (size 1 1) (thickness 0.15)) (justify mirror))
    )
    (fp_line (start -0.8 -0.4) (end -0.8 0.4) (layer B.Fab) (width 0.1))
    (fp_line (start -0.8 0.4) (end 0.8 0.4) (layer B.Fab) (width 0.1))
    (fp_line (start 0.8 0.4) (end 0.8 -0.4) (layer B.Fab) (width 0.1))
    (fp_line (start 0.8 -0.4) (end -0.8 -0.4) (layer B.Fab) (width 0.1))
    (fp_line (start -0.171267 0.51) (end 0.171267 0.51) (layer B.SilkS) (width 0.12))
    (fp_line (start -0.171267 -0.51) (end 0.171267 -0.51) (layer B.SilkS) (width 0.12))
    (fp_line (start -1.65 -0.73) (end -1.65 0.73) (layer B.CrtYd) (width 0.05))
    (fp_line (start -1.65 0.73) (end 1.65 0.73) (layer B.CrtYd) (width 0.05))
    (fp_line (start 1.65 0.73) (end 1.65 -0.73) (layer B.CrtYd) (width 0.05))
    (fp_line (start 1.65 -0.73) (end -1.65 -0.73) (layer B.CrtYd) (width 0.05))
    (fp_text user %R (at 0 0) (layer B.Fab)
      (effects (font (size 0.4 0.4) (thickness 0.06)) (justify mirror))
    )
    (pad 1 smd roundrect (at -0.875 0) (size 1.05 0.95) (layers B.Cu B.Paste B.Mask) (roundrect_rratio 0.25)
      (net 1 GND))
    (pad 2 smd roundrect (at 0.875 0) (size 1.05 0.95) (layers B.Cu B.Paste B.Mask) (roundrect_rratio 0.25)
      (net 20 "Net-(C13-Pad2)"))
